0 13
0 13
0 13
0 13
0 13
0 14
0 13
1 7
1 12
1 9
1 29
1 1
1 7
1 1
1 18
1 7
1 11
1 1
1 26
1 7
1 7
1 7
1 7
1 27
1 6
1 1
1 7
1 4
1 29
1 0
1 14
2 22
2 10
2 17
2 22
2 12
2 26
2 12
2 26
2 26
2 17
2 22
2 11
2 12
2 10
2 12
2 17
2 22
2 26
2 10
2 29
2 26
2 12
2 10
2 10
2 26
3 7
3 7
3 9
3 1
3 18
3 9
3 2
3 18
3 9
3 6
3 1
3 29
3 29
3 9
3 18
3 7
3 7
3 0
3 9
3 9
3 29
3 26
3 9
3 18
3 18
3 9
3 4
3 18
3 1
3 9
3 9
3 9
3 18
3 18
3 2
3 18
3 1
3 18
3 7
3 0
3 18
3 0
3 9
3 7
3 2
4 25
4 25
4 25
4 25
5 17
5 8
5 4
5 4
5 23
5 14
5 21
5 3
5 11
5 3
5 3
5 21
5 14
5 27
5 21
5 23
5 8
5 23
5 23
5 3
5 8
5 3
5 4
5 17
5 8
5 3
5 8
5 23
5 14
5 27
5 2
5 17
5 23
5 2
5 3
5 17
5 0
5 14
5 22
5 3
5 22
5 23
5 27
5 0
5 4
5 13
5 4
5 13
5 21
5 21
5 13
5 11
5 0
5 27
5 12
5 14
5 12
5 27
5 8
5 13
5 13
5 29
5 3
5 23
5 21
5 4
5 22
5 11
5 23
5 8
5 21
5 14
5 16
5 2
5 22
5 4
5 14
5 21
5 23
5 27
5 22
5 21
5 14
5 27
5 2
5 27
5 11
5 13
5 0
5 14
5 21
5 8
5 14
5 22
5 12
5 11
5 26
5 23
5 2
5 14
5 0
5 2
5 21
5 13
5 8
5 4
5 14
5 21
5 0
5 8
5 2
5 26
6 5
6 5
7 6
7 6
7 6
7 29
8 19
8 19
8 19
8 19
8 19
9 25
9 25
9 25
10 16
10 16
10 16
10 16
10 16
10 16
10 16
10 16
10 16
10 16
10 16
11 20
11 20
12 5
12 5
13 25
13 25
13 25
13 25
14 25
14 25
15 10
15 10
16 24
16 24
16 24
16 24
17 5
17 5
18 20
18 20
18 20
18 20
18 20
19 5
19 5
20 15
20 15
20 28
20 15
20 15
20 15
20 15
20 15
20 15
20 11
20 15
20 15
21 10
21 17
21 17
21 26
21 12
21 10
21 12
21 17
21 12
22 24
22 24
22 24
22 24
23 27
23 22
23 11
23 22
23 27
23 12
23 1
23 12
23 12
23 26
23 22
23 22
24 28
24 28
24 28
24 5
24 24
24 28
24 24
24 28
24 28
24 28
24 5
24 5
24 5
24 17
24 28
24 28
24 28
24 28
25 19
25 19
25 19
26 19
26 19
26 19
27 22
27 10
27 26
27 10
28 20
28 20
28 20
29 5
