
Original Dimension = (#images,128,128)
Test Data = 0.3
accuracy is rounded to 4 decimal digits
Batch Size = 10

CLASSES  Dimension  LLE_Neis K-Neis  Accuracy             CV_Results

30        100        30        20        0.0         [0. 0. 0. 0. 0. 0. 0. 0. 0. 0.]
30        100        30        15        0.0069      [0.     0.     0.     0.0294 0.     0.0294 0.0303 0.0303 0.0303 0.    ]
30        100        30        10        0.0069      [0.0294 0.0294 0.0882 0.0294 0.     0.     0.0303 0.     0.     0.0303]
30        100        30        8         0.0417      [0.0882 0.0588 0.     0.0294 0.0294 0.     0.     0.0606 0.     0.    ]
30        100        30        5         0.1111      [0.2059 0.0294 0.1471 0.1471 0.1765 0.0588 0.1515 0.1212 0.0909 0.1818]
30        150        30        10        0.0069      [0.     0.0294 0.     0.     0.     0.0294 0.     0.     0.0303 0.    ]
30        150        30        5         0.0556      [0.     0.1471 0.0294 0.0882 0.0882 0.0588 0.1212 0.0606 0.0606 0.0303]
30        200        30        10        0.0278      [0.0294 0.0588 0.     0.0588 0.0882 0.     0.0303 0.     0.0606 0.    ]
30        200        30        5         0.125       [0.     0.0882 0.0588 0.1471 0.0294 0.1471 0.0606 0.     0.1212 0.0303]
30        200        30        5         0.1111      [0.0588 0.1176 0.0882 0.0588 0.     0.0882 0.0606 0.0909 0.0909 0.0606]
30        250        30        10        0.0347      [0.     0.0294 0.0588 0.0882 0.     0.0294 0.0606 0.0303 0.0606 0.    ]
30        250        30        5         0.0486      [0.1471 0.1471 0.0588 0.0588 0.1765 0.1176 0.0303 0.0606 0.1515 0.0909]
30        275        30        10        0.0208      [0.     0.     0.0588 0.0588 0.0588 0.0588 0.0303 0.0606 0.     0.0606]
30        275        30        5         0.1042      [0.0588 0.1471 0.0882 0.0882 0.0882 0.0882 0.0909 0.0909 0.0606 0.1515]
30        275        30        5         0.0625      [0.0882 0.0882 0.     0.0294 0.0882 0.1176 0.0909 0.0303 0.0606 0.0606]
30        275        30        5         0.0625      [0.1471 0.1765 0.0294 0.0588 0.1176 0.0294 0.0909 0.0303 0.0909 0.1212]
30        275        30        5         0.1111      [0.0294 0.0588 0.0882 0.1176 0.     0.0588 0.1515 0.0909 0.0909 0.0606]
30        275        30        5         0.0556      [0.0882 0.0588 0.0588 0.1765 0.1176 0.0882 0.1515 0.0303 0.0909 0.1515]
30        300        30        10        0.0208      [0.     0.0294 0.0294 0.0588 0.0588 0.0294 0.0303 0.0909 0.0303 0.0303]
30        300        30        5         0.0694      [0.0588 0.0882 0.0588 0.0588 0.0588 0.0882 0.0303 0.0303 0.0303 0.0303]
30        300        30        5         0.0556      [0.0294 0.0882 0.1765 0.0588 0.0588 0.0882 0.1212 0.     0.0606 0.0303]
30        300        30        5         0.0556      [0.0294 0.0882 0.0294 0.0588 0.0588 0.0588 0.0303 0.1212 0.0303 0.1212]
30        300        30        5         0.0694      [0.0294 0.0588 0.0882 0.     0.1176 0.0294 0.0909 0.0606 0.0606 0.0303]
30        300        30        5         0.0833      [0.0588 0.     0.0294 0.0588 0.0882 0.0882 0.1515 0.     0.     0.    ]
30        300        30        5         0.0694      [0.1176 0.0882 0.1471 0.0588 0.1176 0.1471 0.0909 0.1212 0.0303 0.0606]
30        300        30        5         0.0694      [0.0294 0.0882 0.0294 0.0294 0.0882 0.0882 0.1515 0.0303 0.0909 0.0606]
30        100        20        10        0.0208      [0.     0.     0.0294 0.0294 0.     0.0294 0.0303 0.     0.     0.0303]
30        100        20        5         0.131       [0.1176 0.1176 0.1765 0.1765 0.0882 0.0588 0.0909 0.0909 0.0606 0.1818]
30        100        20        5         0.1528      [0.0882 0.1471 0.1176 0.1765 0.0882 0.2059 0.1818 0.0909 0.0909 0.1515]
30        100        20        5         0.1181      [0.1765 0.0882 0.1176 0.1176 0.2059 0.0588 0.1212 0.2121 0.2121 0.2424]
30        100        20        5         0.125       [0.2353 0.1176 0.0882 0.1471 0.1176 0.0882 0.1515 0.0909 0.1212 0.1515]
30        100        15        5         0.1181      [0.0588 0.1765 0.     0.1176 0.0294 0.1471 0.0909 0.1818 0.0303 0.1515]
30        100        15        10        0.0208      [0.0294 0.     0.     0.     0.0294 0.     0.     0.0303 0.     0.    ]
30        100        35        10        0.0208      [0.0294 0.0294 0.     0.     0.0294 0.     0.     0.0303 0.0303 0.0606]
30        100        35        5         0.1111      [0.1176 0.2353 0.1471 0.1176 0.0882 0.0294 0.0606 0.0909 0.1212 0.0909]
30        100        40        10        0.0208      [0.     0.0294 0.     0.     0.     0.0294 0.0303 0.     0.0303 0.    ]
30        100        40        10        0.0208      [0.     0.     0.0294 0.     0.0294 0.0294 0.0303 0.     0.0303 0.0303]
30        100        40        5         0.1389      [0.0882 0.0882 0.1765 0.     0.0588 0.1176 0.0606 0.0606 0.1515 0.0606]
30        100        50        10        0.0347      [0.     0.0588 0.0294 0.0588 0.0294 0.     0.     0.0303 0.0303 0.    ]
30        100        50        5         0.1806      [0.1765 0.0294 0.0294 0.0882 0.0588 0.0588 0.0606 0.0606 0.1515 0.1515]
30        150        50        10        0.0069      [0.     0.     0.     0.     0.     0.     0.0303 0.     0.     0.    ]
30        150        50        10        0.0069      [0.0294 0.     0.     0.     0.     0.     0.     0.     0.     0.    ]
30        150        50        10        0.0         [0.     0.     0.     0.     0.     0.     0.     0.     0.0303 0.    ]
30        150        50        10        0.0139      [0.     0.     0.     0.     0.     0.0294 0.     0.     0.     0.    ]
30        150        50        5         0.0972      [0.0588 0.1176 0.     0.0294 0.0882 0.0294 0.1212 0.0909 0.     0.0606]
30        150        50        5         0.1111      [0.0294 0.1176 0.0588 0.0882 0.0588 0.0588 0.0606 0.0909 0.0303 0.0606]
30        150        50        5         0.0833      [0.0882 0.     0.     0.1176 0.0882 0.1176 0.0909 0.0909 0.0303 0.0303]
30        150        50        5         0.0833      [0.0588 0.0294 0.0588 0.     0.1176 0.0588 0.0909 0.     0.0606 0.0303]
30        100        55        5         0.1458      [0.1471 0.0588 0.2353 0.1765 0.1176 0.1471 0.1212 0.1515 0.     0.2121]
30        100        55        5         0.1458      [0.0588 0.0588 0.0294 0.0882 0.0588 0.0882 0.0606 0.0606 0.1818 0.1818]
30        100        55        5         0.1597      [0.0882 0.0294 0.0882 0.2059 0.1176 0.2059 0.1212 0.1818 0.0606 0.1818]
30        100        55        5         0.1667      [0.1176 0.1176 0.1176 0.0882 0.1765 0.0882 0.303  0.1515 0.1818 0.0303]
30        100        55        5         0.1319      [0.0588 0.1176 0.1765 0.1176 0.1765 0.2647 0.1515 0.1212 0.0606 0.2424]
30        100        55        5         0.1458      [0.1765 0.0294 0.     0.0882 0.1765 0.0882 0.0606 0.2121 0.1212 0.1515]
30        100        60        5         0.1667      [0.1765 0.0588 0.0882 0.2059 0.2059 0.0588 0.1212 0.0606 0.0606 0.1515]
30        80         60        5         0.2083      [0.1471 0.3235 0.0882 0.3235 0.2059 0.1176 0.2424 0.1515 0.2121 0.2121]
30        60         60        5         0.2153      [0.1765 0.1765 0.1765 0.2059 0.2059 0.4118 0.1212 0.3333 0.2121 0.2727]
30        40         60        5         0.2778      [0.2059 0.2941 0.2353 0.1765 0.3235 0.0882 0.303  0.3939 0.4545 0.303 ]
30        20         60        5         0.3264      [0.3824 0.3235 0.3824 0.4118 0.1765 0.4412 0.3636 0.2727 0.2727 0.2727]
30        15         60        5         0.3194      [0.3529 0.2941 0.3235 0.2647 0.3529 0.3529 0.2121 0.2424 0.4242 0.3333]
30        15         60        5         0.3194      [0.2353 0.2941 0.2941 0.4118 0.4118 0.2647 0.4848 0.2424 0.3636 0.2121]
30        15         60        5         0.3056      [0.3235 0.2941 0.3235 0.2647 0.3235 0.4412 0.3636 0.3636 0.3333 0.1818]
30        20         80        5         0.3125      [0.2941 0.3235 0.2647 0.3529 0.3529 0.3235 0.2727 0.3333 0.3333 0.4545]
30        20         80        5         0.4028      [0.2941 0.2353 0.3235 0.2941 0.2941 0.2941 0.3636 0.4242 0.2424 0.4545]
30        20         80        5         0.3819      [0.3824 0.3235 0.3529 0.2941 0.4412 0.3235 0.303  0.2424 0.2727 0.303 ]
30        20         80        5         0.4097      [0.3235 0.2647 0.3235 0.2941 0.1765 0.2647 0.2121 0.2121 0.3333 0.303 ]
30        20         80        5         0.3333      [0.2647 0.4412 0.4118 0.2353 0.4118 0.3529 0.3636 0.2727 0.4545 0.3939]
30        20         80        5         0.3056      [0.2941 0.2647 0.4118 0.3824 0.2941 0.3529 0.3636 0.3333 0.4242 0.4242]
30        25         80        5         0.4028      [0.2353 0.3824 0.2647 0.2647 0.2941 0.2647 0.4242 0.303  0.2424 0.3333]
30        25         80        5         0.3125      [0.3529 0.3529 0.3235 0.2353 0.2647 0.3235 0.3636 0.3636 0.303  0.5152]
30        25         80        5         0.3194      [0.3529 0.3235 0.2647 0.4706 0.3529 0.2059 0.3636 0.2727 0.3636 0.4545]
30        25         80        5         0.3542      [0.3235 0.3529 0.3824 0.2647 0.3824 0.3529 0.2121 0.3333 0.4242 0.4545]
30        25         80        5         0.3472      [0.3529 0.2941 0.2647 0.2941 0.4412 0.3824 0.4848 0.303  0.303  0.2424]
30        25         80        5         0.3264      [0.3824 0.3824 0.2941 0.4118 0.3824 0.4118 0.3636 0.303  0.303  0.4545]
30        25         80        5         0.3403      [0.2941 0.2647 0.2941 0.2941 0.4412 0.3824 0.3333 0.4242 0.3636 0.3333]
30        25         80        5         0.3681      [0.2941 0.2941 0.3529 0.3529 0.3529 0.2941 0.2727 0.3636 0.2424 0.3333]
30        25         80        5         0.2986      [0.2941 0.4412 0.3235 0.2059 0.2941 0.2647 0.2424 0.2121 0.2727 0.4242]
30        25         80        5         0.3333      [0.4118 0.3824 0.3235 0.2941 0.2941 0.3824 0.303  0.3636 0.2424 0.3939]
30        25         80        5         0.3333      [0.3235 0.4412 0.3529 0.2353 0.3235 0.4118 0.4545 0.3333 0.2121 0.3333]
30        25         80        5         0.3542      [0.4118 0.3824 0.2941 0.3824 0.2353 0.3529 0.3636 0.2121 0.3939 0.2424]
30        25         80        5         0.3611      [0.3235 0.2941 0.4706 0.3824 0.2353 0.3235 0.2727 0.2424 0.3333 0.3939]